14
19
8
14
10
14
16
11
12
10
17
14
7
11
7
19
5
15
8
10
11
11
7
9
4
6
2
2
19
10
1
13
18
11
5
10
5
9
4
19
20
13
14
20
2
9
14
10
10
14
5
17
8
1
8
5
2
19
14
13
10
12
1
4
5
10
18
11
12
7
10
10
12
16
3
4
5
9
20
12
17
19
1
15
15
15
18
11
6
4
3
16
15
19
10
13
2
14
4
18
16
14
18
2
1
15
11
15
1
1
4
10
1
4
19
3
12
17
3
20
18
8
5
15
4
6
5
12
18
7
5
7
12
16
16
8
7
9
12
20
10
1
8
3
11
14
4
12
5
9
14
9
15
10
11
8
7
10
4
3
6
4
1
4
12
5
3
6
20
20
13
8
2
3
15
2
11
14
13
19
8
20
2
17
3
14
17
3
1
3
19
18
11
4
18
2
8
11
8
14
9
12
3
10
10
6
3
10
7
8
5
16
2
18
11
6
11
14
10
6
17
5
11
12
10
12
10
9
20
2
17
11
4
13
4
3
20
5
1
5
16
12
4
15
4
10
11
7
2
20
4
16
12
7
13
15
15
13
8
8
8
4
6
10
20
18
13
15
19
2
10
19
13
14
7
20
12
1
4
5
1
17
8
2
19
3
17
17
6
5
3
15
18
19
19
16
18
6
16
11
20
19
19
10
19
11
1
20
5
4
11
9
17
4
20
20
4
9
1
8
20
18
14
3
18
20
8
3
1
4
12
7
11
17
10
20
19
14
5
12
12
8
9
2
11
16
11
16
11
19
14
14
20
20
3
20
15
10
18
6
4
6
16
4
16
13
17
10
14
17
16
7
11
6
12
1
11
12
11
14
20
5
9
16
3
16
11
7
19
13
6
13
15
3
11
6
13
20
11
1
3
7
6
7
11
7
13
15
12
20
14
14
13
4
12
8
4
9
16
6
14
17
10
4
18
2
6
4
7
2
11
18
6
18
9
9
7
1
18
6
7
2
13
16
13
18
5
16
15
19
4
2
14
10
8
1
11
20
20
18
7
16
20
9
19
4
19
16
8
20
19
9
10
19
9
16
16
11
2
20
7
17
10
18
11
3
19
10
5
18
19
15
10
5
15
6
18
5
6
18
1
14
17
14
19
5
18
8
3
7
7
20
17
8
19
17
14
15
2
6
15
17
18
1
18
14
7
3
4
6
7
5
14
4
14
6
15
1
1
11
20
3
12
3
10
4
16
5
12
11
17
6
17
1
7
2
15
2
16
12
18
20
1
1
16
17
19
9
6
11
13
10
20
1
20
12
5
11
4
5
8
15
13
16
13
7
16
10
6
9
18
4
19
8
4
5
17
9
15
4
6
5
7
10
10
5
7
4
17
2
14
11
7
7
4
5
13
10
1
3
20
15
6
5
3
20
8
18
10
9
3
11
1
14
2
4
15
5
6
3
18
15
8
7
5
13
1
12
18
11
1
11
14
16
5
6
20
3
12
14
20
11
15
13
15
4
18
12
13
14
9
19
18
16
7
7
11
6
17
2
18
19
7
16
16
15
8
20
7
19
3
19
8
1
20
19
10
20
20
11
8
18
2
13
2
16
11
17
16
19
3
16
19
20
12
17
1
2
13
17
9
7
4
19
7
17
16
1
1
2
4
20
9
3
2
8
18
12
8
1
14
18
10
11
1
1
5
16
16
5
20
9
7
19
17
6
15
11
18
3
10
5
4
1
12
2
10
3
20
12
8
5
13
11
18
2
16
2
6
15
2
18
9
16
17
12
10
6
5
19
2
19
13
6
19
16
17
5
13
7
7
10
20
17
12
9
9
18
11
4
12
14
1
16
20
4
7
20
8
4
20
11
13
8
19
11
15
18
2
7
13
19
18
15
14
6
17
5
8
2
4
8
12
8
13
5
16
16
9
17
1
5
13
10
1
8
19
14
19
19
6
20
15
15
14
20
8
7
1
16
6
18
15
12
16
10
2
11
12
8
16
9
19
16
9
20
4
15
10
10
3
5
12
13
17
8
17
13
11
11
1
4
15
16
7
9
4
19
17
5
17
17
10
20
17
14
20
8
14
7
17
10
15
7
2
6
5
5
16
1
17
14
15
9
4
15
12
16
6
19
13
16
20
9
6
2
12
1
20
12
10
10
17
4
20
11
18
10
12
17
3
20
7
13
1
2
18
2
6
15
15
17
9
14
9
17
8
13
9
8
11
18
15
2
3
15
15
5
8
7
16
14
14
2
19
11
18
17
11
14
